32.712054937618575, 0.028927325542277504
52.59307928138094, 0.07260222946633332
78.01851474394749, 0.15917281546029338
103.98222357198688, 0.25888481081936066
122.409439886921, 0.32890441812305093
146.09043805383294, 0.4085354329831494
162.65378534496227, 0.4600428210748366
177.76115674736724, 0.5006010562191694
198.73761666067196, 0.5602171397417903
218.7280242276737, 0.6055739443345813
236.2941860262036, 0.6456715740322583
255.98499859460736, 0.6835423974788881
282.4006652599813, 0.7337085263725669
298.739892392999, 0.7594959139239084
319.1610632072205, 0.7932976967359102
336.0833248069287, 0.8165153929345985
356.775994044956, 0.8467992249947147
382.86577098249717, 0.8774889304015554
399.69348150007926, 0.8996997308710104
431.3433568106835, 0.9339117389448539
442.6276436615463, 0.943470835023974
473.3507901003406, 0.9771208734272818
484.7184504829234, 0.9872098724339677
512.5077814558808, 1.0109319743350493
524.3048446784057, 1.0168074761945434
541.1462980858316, 1.0314940444744387
591.6715745007655, 1.0750521338348205
611.898359773083, 1.083345967855641
638.8530808813057, 1.1022478552567612
673.3938216565577, 1.1237260139396112
712.993806043108, 1.1458829880905106
744.189707892534, 1.1515839968941068
790.5396195150806, 1.1723087328751034
828.9645562802184, 1.1913275181301386
